#DEBUT_TABLE
#TITRE COURBES EXPERIMENTALES
 DEPL_X          FORCE_X
 R               R
  0.00000E+00   -2.86000E+04  
  0.00000E+00   -2.50000E+04  
  2.00000E-06   -1.53000E+04  
  7.00000E-06   1.19000E+04   
  1.40000E-05   4.89000E+04   
  2.20000E-05   9.05000E+04   
  2.90000E-05   1.26500E+05   
  3.30000E-05   1.43700E+05   
  3.30000E-05   1.42200E+05   
  2.80000E-05   1.13400E+05   
  1.90000E-05   6.32000E+04   
  9.00000E-06   8.70000E+03   
  0.00000E+00   -3.52000E+04  
  -6.00000E-06   -6.74000E+04 
  -8.00000E-06   -7.72000E+04 
  -4.00000E-06   -5.67000E+04 
  2.00000E-06   -1.38000E+04  
  1.40000E-05   4.43000E+04   
  2.60000E-05   1.07700E+05   
  3.70000E-05   1.62400E+05   
  4.50000E-05   2.02700E+05   
  4.70000E-05   2.10800E+05   
  4.50000E-05   1.97400E+05   
  3.60000E-05   1.50400E+05   
  2.30000E-05   8.14000E+04   
  9.00000E-06   5.10000E+03   
  -5.00000E-06   -7.03000E+04 
  -1.80000E-05   -1.34700E+05 
  -2.60000E-05   -1.79100E+05 
  -3.00000E-05   -1.96100E+05 
  -2.90000E-05   -1.86900E+05 
  -2.30000E-05   -1.52600E+05 
  -1.30000E-05   -9.73000E+04 
  -1.00000E-06   -3.19000E+04 
  1.10000E-05   3.30000E+04   
  2.30000E-05   9.18000E+04   
  3.20000E-05   1.35300E+05   
  3.60000E-05   1.55800E+05   
  3.60000E-05   1.51300E+05   
  3.00000E-05   1.18500E+05   
  2.10000E-05   7.04000E+04   
  1.00000E-05   1.25000E+04   
  0.00000E+00   -3.94000E+04  
  -7.00000E-06   -8.23000E+04 
  -1.30000E-05   -1.09500E+05 
  -1.60000E-05   -1.20300E+05 
  -1.40000E-05   -1.12000E+05 
  -1.00000E-05   -8.71000E+04 
  -3.00000E-06   -4.85000E+04 
  4.00000E-06   -9.30000E+03  
  1.30000E-05   4.12000E+04   
  2.20000E-05   8.33000E+04   
  2.90000E-05   1.18500E+05   
  3.30000E-05   1.42000E+05   
  3.40000E-05   1.41200E+05   
  3.00000E-05   1.17600E+05   
  2.00000E-05   6.50000E+04   
  7.00000E-06   -7.60000E+03  
  -1.00000E-05   -9.84000E+04 
  -2.90000E-05   -1.99500E+05 
  -4.70000E-05   -2.90700E+05 
  -6.10000E-05   -3.54700E+05 
  -6.60000E-05   -3.77000E+05 
  -6.40000E-05   -3.58700E+05 
  -5.30000E-05   -2.98100E+05 
  -3.50000E-05   -2.04700E+05 
  -1.50000E-05   -9.95000E+04 
  5.00000E-06   1.90000E+03   
  2.30000E-05   9.09000E+04   
  3.50000E-05   1.53700E+05   
  4.10000E-05   1.82000E+05   
  4.00000E-05   1.70000E+05   
  3.10000E-05   1.18400E+05   
  1.80000E-05   4.79000E+04   
  2.00000E-06   -2.81000E+04  
  -8.00000E-06   -8.92000E+04 
  -1.80000E-05   -1.36600E+05 
  -2.00000E-05   -1.45500E+05 
  -1.70000E-05   -1.21900E+05 
  -6.00000E-06   -6.30000E+04 
  8.00000E-06   1.27000E+04   
  2.40000E-05   9.40000E+04   
  3.90000E-05   1.69700E+05   
  4.90000E-05   2.15600E+05   
  5.10000E-05   2.27300E+05   
  4.70000E-05   1.98200E+05   
  3.60000E-05   1.41100E+05   
  2.20000E-05   6.69000E+04   
  8.00000E-06   -4.10000E+03  
  -3.00000E-06   -6.25000E+04 
  -8.00000E-06   -8.56000E+04 
  -6.00000E-06   -7.24000E+04 
  2.00000E-06   -2.08000E+04  
  1.90000E-05   6.43000E+04   
  3.70000E-05   1.57800E+05   
  5.50000E-05   2.45900E+05   
  6.70000E-05   3.03500E+05   
  7.10000E-05   3.19500E+05   
  6.60000E-05   2.89500E+05   
  5.30000E-05   2.20500E+05   
  3.50000E-05   1.25700E+05   
  1.50000E-05   2.28000E+04   
  -2.00000E-06   -6.40000E+04 
  -1.50000E-05   -1.27500E+05 
  -2.00000E-05   -1.47000E+05 
  -1.60000E-05   -1.25800E+05 
  -4.00000E-06   -5.80000E+04 
  1.50000E-05   4.29000E+04   
  4.00000E-05   1.68500E+05   
  6.60000E-05   3.02500E+05   
  8.90000E-05   4.20200E+05   
  1.05000E-04   4.95100E+05   
  1.10000E-04   5.12100E+05   
  1.03000E-04   4.67100E+05   
  8.50000E-05   3.68000E+05   
  5.90000E-05   2.32900E+05   
  2.80000E-05   7.83000E+04   
  -2.00000E-06   -7.56000E+04 
  -3.00000E-05   -2.17400E+05 
  -5.20000E-05   -3.25200E+05 
  -6.60000E-05   -3.92800E+05 
  -7.10000E-05   -4.12700E+05 
  -6.70000E-05   -3.83600E+05 
  -5.60000E-05   -3.20200E+05 
  -3.80000E-05   -2.24600E+05 
  -1.60000E-05   -1.13400E+05 
  6.00000E-06   2.00000E+02   
  2.70000E-05   1.04800E+05   
  4.30000E-05   1.81800E+05   
  5.10000E-05   2.15500E+05   
  4.90000E-05   2.02300E+05   
  3.80000E-05   1.45700E+05   
  2.20000E-05   5.93000E+04   
  3.00000E-06   -3.74000E+04  
  -1.30000E-05   -1.27100E+05 
  -2.90000E-05   -2.06300E+05 
  -4.10000E-05   -2.59300E+05 
  -4.60000E-05   -2.85900E+05 
  -4.80000E-05   -2.91300E+05 
  -4.50000E-05   -2.70300E+05 
  -3.80000E-05   -2.33400E+05 
  -3.00000E-05   -1.93000E+05 
  -2.00000E-05   -1.39100E+05 
  -1.00000E-05   -8.87000E+04 
  -1.00000E-06   -4.41000E+04 
  4.00000E-06   -1.63000E+04  
  9.00000E-06   4.90000E+03   
  1.00000E-05   1.02000E+04   
  8.00000E-06   1.50000E+03   
  6.00000E-06   -1.22000E+04  
  5.00000E-06   -1.84000E+04  
  5.00000E-06   -1.59000E+04  
  7.00000E-06   -1.90000E+03  
  1.30000E-05   2.79000E+04   
  2.00000E-05   6.19000E+04   
  2.80000E-05   1.02200E+05   
  3.60000E-05   1.43100E+05   
  4.30000E-05   1.74900E+05   
  4.70000E-05   1.94200E+05   
  4.80000E-05   1.96000E+05   
  4.40000E-05   1.72300E+05   
  3.60000E-05   1.32500E+05   
  2.70000E-05   8.14000E+04   
  1.70000E-05   3.08000E+04   
  9.00000E-06   -1.03000E+04  
  5.00000E-06   -2.88000E+04  
  5.00000E-06   -2.27000E+04  
  1.00000E-05   4.80000E+03   
  1.80000E-05   4.80000E+04   
  2.70000E-05   8.73000E+04   
  3.20000E-05   1.14400E+05   
  3.30000E-05   1.15900E+05   
  2.70000E-05   8.57000E+04   
  1.60000E-05   2.63000E+04   
  1.00000E-06   -4.87000E+04  
  -1.40000E-05   -1.34100E+05 
  -3.10000E-05   -2.19000E+05 
  -4.60000E-05   -2.94000E+05 
  -5.70000E-05   -3.48400E+05 
  -6.20000E-05   -3.72800E+05 
  -6.20000E-05   -3.60800E+05 
  -5.50000E-05   -3.24700E+05 
  -4.40000E-05   -2.63600E+05 
  -3.00000E-05   -1.92200E+05 
  -1.60000E-05   -1.18000E+05 
  -3.00000E-06   -5.59000E+04 
  4.00000E-06   -1.89000E+04  
  7.00000E-06   -2.10000E+03  
  4.00000E-06   -2.19000E+04  
  -1.00000E-06   -5.37000E+04 
  -9.00000E-06   -9.68000E+04 
  -1.60000E-05   -1.34400E+05 
  -2.10000E-05   -1.55400E+05 
  -2.20000E-05   -1.60200E+05 
  -2.20000E-05   -1.61900E+05 
  -2.20000E-05   -1.65700E+05 
  -2.60000E-05   -1.87100E+05 
  -3.30000E-05   -2.21500E+05 
  -4.20000E-05   -2.65000E+05 
  -4.80000E-05   -2.95800E+05 
  -4.90000E-05   -2.97200E+05 
  -4.20000E-05   -2.57200E+05 
  -2.80000E-05   -1.81600E+05 
  -1.00000E-05   -8.77000E+04 
  1.00000E-05   1.48000E+04   
  3.10000E-05   1.19900E+05   
  5.30000E-05   2.30600E+05   
  7.40000E-05   3.33800E+05   
  9.10000E-05   4.21200E+05   
  1.05000E-04   4.83800E+05   
  1.12000E-04   5.14400E+05   
  1.11000E-04   5.07000E+05   
  1.03000E-04   4.56800E+05   
  8.70000E-05   3.66900E+05   
  6.40000E-05   2.47300E+05   
  3.70000E-05   1.12800E+05   
  9.00000E-06   -2.44000E+04  
  -1.40000E-05   -1.39900E+05 
  -3.20000E-05   -2.28100E+05 
  -3.80000E-05   -2.54600E+05 
  -3.20000E-05   -2.14100E+05 
  -1.10000E-05   -1.00900E+05 
  2.00000E-05   6.05000E+04   
  5.90000E-05   2.56400E+05   
  9.80000E-05   4.51500E+05   
  1.28000E-04   5.96700E+05   
  1.44000E-04   6.61700E+05   
  1.41000E-04   6.34800E+05   
  1.19000E-04   5.14800E+05   
  8.20000E-05   3.23900E+05   
  3.60000E-05   9.28000E+04   
  -1.30000E-05   -1.47400E+05 
  -5.70000E-05   -3.65100E+05 
  -9.00000E-05   -5.24500E+05 
  -1.08000E-04   -6.04400E+05 
  -1.10000E-04   -5.96800E+05 
  -9.40000E-05   -5.06100E+05 
  -6.60000E-05   -3.55500E+05 
  -2.80000E-05   -1.70500E+05 
  1.00000E-05   2.02000E+04   
  4.20000E-05   1.74400E+05   
  6.00000E-05   2.61700E+05   
  5.70000E-05   2.31300E+05   
  3.10000E-05   9.28000E+04   
  -1.20000E-05   -1.30400E+05 
  -6.80000E-05   -4.05100E+05 
  -1.24000E-04   -6.73900E+05 
  -1.70000E-04   -8.70400E+05 
  -1.98000E-04   -9.62200E+05 
  -2.01000E-04   -9.43000E+05 
  -1.80000E-04   -8.13700E+05 
  -1.38000E-04   -5.96600E+05 
  -8.30000E-05   -3.38200E+05 
  -2.70000E-05   -7.54000E+04 
  2.40000E-05   1.61500E+05   
  6.10000E-05   3.35700E+05   
  8.40000E-05   4.34500E+05   
  8.80000E-05   4.43700E+05   
  7.70000E-05   3.78200E+05   
  5.40000E-05   2.62300E+05   
  2.60000E-05   1.22900E+05   
  0.00000E+00   -1.80000E+03  
  -1.90000E-05   -9.28000E+04 
  -2.60000E-05   -1.20500E+05 
  -1.80000E-05   -6.93000E+04 
  4.00000E-06   4.79000E+04   
  3.80000E-05   2.17800E+05   
  7.70000E-05   4.11700E+05   
  1.13000E-04   5.80300E+05   
  1.36000E-04   6.79300E+05   
  1.38000E-04   6.78400E+05   
  1.18000E-04   5.67400E+05   
  8.00000E-05   3.71900E+05   
  3.00000E-05   1.29000E+05   
  -2.00000E-05   -1.07400E+05 
  -6.30000E-05   -3.04200E+05 
  -9.00000E-05   -4.21200E+05 
  -9.50000E-05   -4.31900E+05 
  -7.80000E-05   -3.30900E+05 
  -4.30000E-05   -1.58700E+05 
  0.00000E+00   5.28000E+04   
  4.40000E-05   2.63400E+05   
  8.10000E-05   4.34100E+05   
  1.03000E-04   5.36900E+05   
  1.09000E-04   5.55700E+05   
  9.60000E-05   4.82000E+05   
  7.00000E-05   3.44400E+05   
  3.40000E-05   1.66800E+05   
  -4.00000E-06   -1.64000E+04 
  -3.90000E-05   -1.76300E+05 
  -6.40000E-05   -2.92100E+05 
  -7.60000E-05   -3.39900E+05 
  -7.30000E-05   -3.15600E+05 
  -5.80000E-05   -2.32000E+05 
  -3.60000E-05   -1.15800E+05 
  -8.00000E-06   1.83000E+04  
  1.50000E-05   1.33200E+05   
  3.60000E-05   2.29300E+05   
  4.60000E-05   2.74000E+05   
  4.30000E-05   2.56300E+05   
  2.90000E-05   1.78700E+05   
  8.00000E-06   7.14000E+04   
  -1.50000E-05   -4.38000E+04 
  -3.90000E-05   -1.51400E+05 
  -5.60000E-05   -2.32000E+05 
  -6.60000E-05   -2.75100E+05 
  -6.70000E-05   -2.79700E+05 
  -6.40000E-05   -2.56200E+05 
  -5.70000E-05   -2.17500E+05 
  -4.90000E-05   -1.73400E+05 
  -4.00000E-05   -1.30700E+05 
  -3.20000E-05   -8.96000E+04 
  -2.30000E-05   -4.57000E+04 
  -1.30000E-05   5.00000E+02  
  -4.00000E-06   4.22000E+04  
  2.00000E-06   7.62000E+04   
  8.00000E-06   1.05400E+05   
  1.30000E-05   1.32200E+05   
  1.60000E-05   1.46600E+05   
  1.70000E-05   1.41600E+05   
  1.00000E-05   1.05700E+05   
  0.00000E+00   5.52000E+04   
  -1.20000E-05   -1.09000E+04 
  -2.50000E-05   -7.47000E+04 
  -3.50000E-05   -1.22100E+05 
  -3.90000E-05   -1.38400E+05 
  -3.60000E-05   -1.18600E+05 
  -2.80000E-05   -7.53000E+04 
  -1.40000E-05   5.00000E+02  
  5.00000E-06   9.60000E+04   
  2.90000E-05   2.15900E+05   
  5.60000E-05   3.44200E+05   
  7.80000E-05   4.51700E+05   
  9.30000E-05   5.17700E+05   
  9.60000E-05   5.23900E+05   
  8.60000E-05   4.61200E+05   
  6.30000E-05   3.43300E+05   
  3.20000E-05   1.90500E+05   
  -2.00000E-06   2.12000E+04  
  -4.00000E-05   -1.56300E+05 
  -7.20000E-05   -3.08900E+05 
  -9.50000E-05   -4.13200E+05 
  -1.04000E-04   -4.44900E+05 
  -9.60000E-05   -3.93700E+05 
  -7.40000E-05   -2.74800E+05 
  -4.10000E-05   -1.16700E+05 
  -4.00000E-06   5.75000E+04  
  2.80000E-05   2.15400E+05   
  5.40000E-05   3.36600E+05   
  6.80000E-05   3.97100E+05   
  6.70000E-05   3.86700E+05   
  5.40000E-05   3.08800E+05   
  2.90000E-05   1.86100E+05   
  0.00000E+00   3.97000E+04   
  -3.40000E-05   -1.21800E+05 
  -6.70000E-05   -2.80500E+05 
  -9.70000E-05   -4.18900E+05 
  -1.18000E-04   -5.13500E+05 
  -1.26000E-04   -5.40800E+05 
  -1.17000E-04   -4.82700E+05 
  -9.10000E-05   -3.48600E+05 
  -5.10000E-05   -1.52100E+05 
  0.00000E+00   8.56000E+04   
  5.10000E-05   3.31600E+05   
  9.70000E-05   5.44900E+05   
  1.28000E-04   6.84000E+05   
  1.40000E-04   7.29500E+05   
  1.33000E-04   6.81100E+05   
  1.13000E-04   5.74200E+05   
  8.50000E-05   4.32900E+05   
  5.50000E-05   2.85200E+05   
  2.50000E-05   1.38600E+05   
  -2.00000E-06   7.40000E+03  
  -2.70000E-05   -1.05400E+05 
  -4.40000E-05   -1.78300E+05 
  -4.80000E-05   -1.92800E+05 
  -3.90000E-05   -1.34300E+05 
  -1.90000E-05   -3.06000E+04 
  6.00000E-06   9.23000E+04   
  3.00000E-05   2.05100E+05   
  4.80000E-05   2.90800E+05   
  5.70000E-05   3.31300E+05   
  5.60000E-05   3.21400E+05   
  4.60000E-05   2.61700E+05   
  2.70000E-05   1.67100E+05   
  5.00000E-06   6.01000E+04   
  -1.50000E-05   -4.23000E+04 
  -3.30000E-05   -1.28100E+05 
  -4.40000E-05   -1.79500E+05 
  -4.60000E-05   -1.81600E+05 
  -3.70000E-05   -1.27100E+05 
  -1.80000E-05   -3.02000E+04 
  7.00000E-06   9.82000E+04   
  3.50000E-05   2.33100E+05   
  6.00000E-05   3.51100E+05   
  7.50000E-05   4.18200E+05   
  7.60000E-05   4.14500E+05   
  6.10000E-05   3.31600E+05   
  3.20000E-05   1.82900E+05   
  -6.00000E-06   -9.00000E+03 
  -5.20000E-05   -2.23700E+05 
  -9.40000E-05   -4.18800E+05 
  -1.27000E-04   -5.63700E+05 
  -1.45000E-04   -6.38100E+05 
  -1.45000E-04   -6.27800E+05 
  -1.29000E-04   -5.32400E+05 
  -9.70000E-05   -3.72900E+05 
  -5.40000E-05   -1.69900E+05 
  -6.00000E-06   5.12000E+04  
  3.90000E-05   2.65100E+05   
  7.90000E-05   4.49100E+05   
  1.07000E-04   5.78000E+05   
  1.20000E-04   6.33700E+05   
  1.16000E-04   5.97100E+05   
  9.10000E-05   4.63100E+05   
  4.70000E-05   2.43200E+05   
  -1.10000E-05   -3.64000E+04 
  -7.50000E-05   -3.33100E+05 
  -1.37000E-04   -6.13800E+05 
  -1.86000E-04   -8.34900E+05 
  -2.17000E-04   -9.64600E+05 
  -2.28000E-04   -9.96500E+05 
  -2.22000E-04   -9.39400E+05 
  -2.03000E-04   -8.34500E+05 
  -1.74000E-04   -6.88100E+05 
  -1.39000E-04   -5.18300E+05 
  -1.02000E-04   -3.50600E+05 
  -7.10000E-05   -2.12000E+05 
  -5.40000E-05   -1.40900E+05 
  -6.10000E-05   -1.85000E+05 
  -9.30000E-05   -3.50700E+05 
  -1.49000E-04   -6.18600E+05 
  -2.17000E-04   -9.39900E+05 
  -2.82000E-04   -1.10630E+06 
  -3.31000E-04   -1.09410E+06 
  -3.62000E-04   -1.15020E+06 
  -3.68000E-04   -1.12380E+06 
  -3.51000E-04   -1.03030E+06 
  -3.12000E-04   -8.62000E+05 
  -2.54000E-04   -6.32900E+05 
  -1.82000E-04   -3.64800E+05 
  -1.02000E-04   -8.10000E+04 
  -1.80000E-05   2.11300E+05  
  5.50000E-05   4.92000E+05   
  1.16000E-04   7.30300E+05   
  1.58000E-04   8.86700E+05   
  1.79000E-04   9.58900E+05   
  1.85000E-04   9.65700E+05   
  1.79000E-04   9.29100E+05   
  1.71000E-04   8.80600E+05   
  1.64000E-04   8.40100E+05   
  1.59000E-04   8.17500E+05   
  1.59000E-04   8.17000E+05   
  1.64000E-04   8.41600E+05   
  1.73000E-04   8.87400E+05   
  1.80000E-04   9.23900E+05   
  1.83000E-04   9.33400E+05   
  1.77000E-04   8.91200E+05   
  1.60000E-04   8.01600E+05   
  1.37000E-04   6.86500E+05   
  1.12000E-04   5.68100E+05   
  8.90000E-05   4.62300E+05   
  7.10000E-05   3.81200E+05   
  5.80000E-05   3.23900E+05   
  4.70000E-05   2.79700E+05   
  3.60000E-05   2.33600E+05   
  2.20000E-05   1.75500E+05   
  1.00000E-06   9.45000E+04   
  -2.60000E-05   -6.00000E+03 
  -6.50000E-05   -1.37400E+05 
  -1.12000E-04   -2.90600E+05 
  -1.65000E-04   -4.68100E+05 
  -2.22000E-04   -6.59600E+05 
  -2.77000E-04   -8.44300E+05 
  -3.22000E-04   -9.91100E+05 
  -3.47000E-04   -1.06320E+06 
  -3.44000E-04   -1.01690E+06 
  -3.09000E-04   -8.58500E+05 
  -2.44000E-04   -6.07400E+05 
  -1.60000E-04   -3.06000E+05 
  -6.60000E-05   8.50000E+03  
  2.10000E-05   3.12400E+05   
  9.50000E-05   5.97400E+05   
  1.43000E-04   7.84100E+05   
  1.55000E-04   8.20400E+05   
  1.29000E-04   6.73600E+05   
  6.70000E-05   3.81200E+05   
  -1.50000E-05   5.18000E+04  
  -1.07000E-04   -2.48600E+05 
  -1.86000E-04   -5.10800E+05 
  -2.44000E-04   -7.03700E+05 
  -2.70000E-04   -7.81200E+05 
  -2.57000E-04   -7.05900E+05 
  -2.08000E-04   -5.09500E+05 
  -1.31000E-04   -2.32200E+05 
  -3.50000E-05   9.22000E+04  
  6.80000E-05   4.74200E+05   
  1.70000E-04   8.97800E+05   
  2.58000E-04   1.22750E+06   
  3.23000E-04   1.21240E+06   
  3.66000E-04   1.15320E+06   
  3.90000E-04   1.22160E+06   
  3.91000E-04   1.19890E+06   
  3.69000E-04   1.04780E+06   
  3.26000E-04   8.49300E+05   
  2.63000E-04   6.12600E+05   
  1.81000E-04   3.42500E+05   
  8.50000E-05   5.72000E+04   
  -2.00000E-05   -2.07100E+05 
  -1.23000E-04   -4.81900E+05 
  -2.17000E-04   -7.58100E+05 
  -2.93000E-04   -9.88600E+05 
  -3.45000E-04   -1.12980E+06 
  -3.67000E-04   -1.16560E+06 
  -3.57000E-04   -1.08380E+06 
  -3.15000E-04   -9.07400E+05 
  -2.45000E-04   -6.48800E+05 
  -1.57000E-04   -3.56100E+05 
  -6.50000E-05   -8.54000E+04 
  2.00000E-05   1.19400E+05   
  8.80000E-05   2.87500E+05   
  1.38000E-04   4.17600E+05   
  1.63000E-04   4.84100E+05   
  1.63000E-04   4.65000E+05   
  1.37000E-04   3.56600E+05   
  9.20000E-05   1.97300E+05   
  3.30000E-05   2.96000E+04   
  -3.20000E-05   -1.29500E+05 
  -9.90000E-05   -3.09300E+05 
  -1.62000E-04   -4.91400E+05 
  -2.15000E-04   -6.55200E+05 
  -2.55000E-04   -7.79500E+05 
  -2.76000E-04   -8.39100E+05 
  -2.71000E-04   -7.99100E+05 
  -2.40000E-04   -6.69900E+05 
  -1.85000E-04   -4.69700E+05 
  -1.12000E-04   -2.36400E+05 
  -3.20000E-05   -1.79000E+04 
  4.30000E-05   1.57000E+05   
  1.09000E-04   3.34400E+05   
  1.60000E-04   4.82400E+05   
  1.91000E-04   5.71500E+05   
  2.00000E-04   5.85600E+05   
  1.85000E-04   5.13900E+05   
  1.48000E-04   3.73500E+05   
  9.20000E-05   1.87100E+05   
  1.80000E-05   -6.00000E+03  
  -6.90000E-05   -2.20900E+05 
  -1.66000E-04   -5.01200E+05 
  -2.64000E-04   -8.14200E+05 
  -3.50000E-04   -1.08980E+06 
  -4.09000E-04   -1.24280E+06 
  -4.28000E-04   -1.25260E+06 
  -4.02000E-04   -1.11700E+06 
  -3.34000E-04   -8.59000E+05 
  -2.32000E-04   -5.18900E+05 
  -1.11000E-04   -1.62100E+05 
  1.80000E-05   1.41500E+05   
  1.39000E-04   4.48100E+05   
  2.42000E-04   7.47400E+05   
  3.11000E-04   9.53900E+05   
  3.40000E-04   1.03010E+06   
  3.24000E-04   9.37900E+05   
  2.75000E-04   7.39400E+05   
  2.04000E-04   4.93200E+05   
  1.25000E-04   2.53200E+05   
  5.20000E-05   6.10000E+04   
  -7.00000E-06   -6.59000E+04 
  -4.50000E-05   -1.47400E+05 
  -5.60000E-05   -1.65100E+05 
  -4.10000E-05   -9.94000E+04 
  -6.00000E-06   3.60000E+03  
  3.80000E-05   1.10200E+05   
  8.40000E-05   2.28700E+05   
  1.24000E-04   3.40000E+05   
  1.54000E-04   4.29200E+05   
  1.79000E-04   5.01400E+05   
  2.01000E-04   5.67600E+05   
  2.22000E-04   6.32600E+05   
  2.41000E-04   6.91800E+05   
  2.56000E-04   7.34400E+05   
  2.60000E-04   7.42200E+05   
  2.49000E-04   6.89300E+05   
  2.22000E-04   5.80500E+05   
  1.77000E-04   4.24400E+05   
  1.17000E-04   2.36600E+05   
  4.30000E-05   4.44000E+04   
  -4.40000E-05   -1.55900E+05 
  -1.46000E-04   -4.22100E+05 
  -2.55000E-04   -7.33600E+05 
  -3.57000E-04   -1.04010E+06 
  -4.36000E-04   -1.24690E+06 
  -4.76000E-04   -1.30930E+06 
  -4.71000E-04   -1.24140E+06 
  -4.17000E-04   -1.03040E+06 
  -3.21000E-04   -7.08800E+05 
  -1.94000E-04   -3.35600E+05 
  -5.10000E-05   1.91000E+04  
  9.60000E-05   3.45600E+05   
  2.40000E-04   7.44400E+05   
  3.70000E-04   1.14010E+06   
  4.75000E-04   1.37500E+06   
  5.44000E-04   1.47970E+06   
  5.70000E-04   1.48210E+06   
  5.44000E-04   1.28760E+06   
  4.65000E-04   1.00790E+06   
  3.39000E-04   6.23700E+05   
  1.84000E-04   2.16100E+05   
  1.90000E-05   -1.18800E+05  
  -1.41000E-04   -4.44700E+05 
  -2.90000E-04   -8.14200E+05 
  -4.17000E-04   -1.15490E+06 
  -5.16000E-04   -1.39130E+06 
  -5.80000E-04   -1.44830E+06 
  -6.09000E-04   -1.48020E+06 
  -6.09000E-04   -1.33310E+06 
  -5.86000E-04   -1.23520E+06 
  -5.49000E-04   -1.10980E+06 
  -5.01000E-04   -9.56600E+05 
  -4.41000E-04   -7.82100E+05 
  -3.70000E-04   -5.90000E+05 
  -2.89000E-04   -3.88500E+05 
  -2.02000E-04   -1.87300E+05 
  -1.12000E-04   -4.20000E+03 
  -2.00000E-05   1.35700E+05  
  6.90000E-05   2.87000E+05   
  1.57000E-04   4.60500E+05   
  2.35000E-04   6.30200E+05   
  2.96000E-04   7.71800E+05   
  3.36000E-04   8.65100E+05   
  3.52000E-04   8.92600E+05   
  3.44000E-04   8.45800E+05   
  3.15000E-04   7.38400E+05   
  2.73000E-04   6.00000E+05   
  2.22000E-04   4.53500E+05   
  1.70000E-04   3.13700E+05   
  1.17000E-04   1.89400E+05   
  6.50000E-05   8.36000E+04   
  1.00000E-05   -3.40000E+03  
  -5.10000E-05   -9.93000E+04 
  -1.21000E-04   -2.23300E+05 
  -1.92000E-04   -3.67300E+05 
  -2.53000E-04   -5.01400E+05 
  -2.96000E-04   -5.97600E+05 
  -3.14000E-04   -6.31900E+05 
  -3.02000E-04   -5.74300E+05 
  -2.60000E-04   -4.41800E+05 
  -1.90000E-04   -2.55900E+05 
  -9.80000E-05   -5.64000E+04 
  0.00000E+00   9.58000E+04   
  9.00000E-05   2.54500E+05   
  1.58000E-04   3.98900E+05   
  1.90000E-04   4.66400E+05   
  1.80000E-04   4.11400E+05   
  1.28000E-04   2.58000E+05   
  4.20000E-05   6.89000E+04   
  -6.80000E-05   -1.09500E+05 
  -1.96000E-04   -3.68200E+05 
  -3.23000E-04   -6.71200E+05 
  -4.26000E-04   -9.28200E+05 
  -4.89000E-04   -1.08110E+06 
  -5.00000E-04   -1.08620E+06 
  -4.59000E-04   -9.29800E+05 
  -3.70000E-04   -6.64000E+05 
  -2.41000E-04   -3.33200E+05 
  -7.80000E-05   -4.80000E+03 
  1.07000E-04   3.12200E+05   
  3.10000E-04   8.00200E+05   
  5.09000E-04   1.32110E+06   
  6.88000E-04   1.66240E+06   
  8.32000E-04   1.71570E+06   
  9.45000E-04   1.78470E+06   
  1.01600E-03   1.67380E+06   
  1.04900E-03   1.73350E+06   
  1.02900E-03   1.65310E+06   
  9.55000E-04   1.44100E+06   
  8.29000E-04   1.13530E+06   
  6.61000E-04   7.70800E+05   
  4.60000E-04   3.86000E+05   
  2.40000E-04   1.77000E+04   
  1.40000E-05   -2.59300E+05  
  -2.02000E-04   -6.05600E+05 
  -3.95000E-04   -1.00130E+06 
  -5.47000E-04   -1.32720E+06 
  -6.42000E-04   -1.48610E+06 
  -6.74000E-04   -1.49770E+06 
  -6.41000E-04   -1.35240E+06 
  -5.42000E-04   -1.05330E+06 
  -3.85000E-04   -6.45300E+05 
  -1.80000E-04   -2.10200E+05 
  6.00000E-05   1.14800E+05   
  3.12000E-04   4.46800E+05   
  5.58000E-04   8.58900E+05   
  7.68000E-04   1.24500E+06   
  9.19000E-04   1.52500E+06   
  9.92000E-04   1.64770E+06   
  9.83000E-04   1.57930E+06   
  8.95000E-04   1.33940E+06   
  7.43000E-04   9.89600E+05   
  5.41000E-04   5.89700E+05   
  3.04000E-04   1.85700E+05   
  4.30000E-05   -1.33700E+05  
  -2.31000E-04   -5.46400E+05 
  -5.04000E-04   -1.11470E+06 
  -7.54000E-04   -1.61260E+06 
  -9.55000E-04   -1.77210E+06 
  -1.10000E-03   -1.90180E+06 
  -1.18200E-03   -1.93150E+06 
  -1.19600E-03   -1.82010E+06 
  -1.14300E-03   -1.57100E+06 
  -1.02800E-03   -1.29890E+06 
  -8.57000E-04   -9.50100E+05 
  -6.44000E-04   -5.67600E+05 
  -4.04000E-04   -1.89000E+05 
  -1.42000E-04   1.10400E+05  
  1.04000E-04   3.27800E+05   
  3.38000E-04   6.18500E+05   
  5.40000E-04   9.22700E+05   
  6.94000E-04   1.17520E+06   
  7.89000E-04   1.33370E+06   
  8.22000E-04   1.37300E+06   
  7.96000E-04   1.27590E+06   
  7.21000E-04   1.08420E+06   
  6.12000E-04   8.41800E+05   
  4.84000E-04   5.95500E+05   
  3.52000E-04   3.68600E+05   
  2.22000E-04   1.75000E+05   
  9.80000E-05   3.95000E+04   
  -1.90000E-05   -4.58000E+04 
  -1.38000E-04   -1.47500E+05 
  -2.52000E-04   -2.82400E+05 
  -3.57000E-04   -4.24300E+05 
  -4.44000E-04   -5.48300E+05 
  -5.03000E-04   -6.32900E+05 
  -5.27000E-04   -6.61600E+05 
  -5.12000E-04   -6.04500E+05 
  -4.58000E-04   -4.82900E+05 
  -3.71000E-04   -3.20200E+05 
  -2.61000E-04   -1.42800E+05 
  -1.33000E-04   6.10000E+03  
  -1.20000E-05   9.13000E+04  
  1.00000E-04   1.89600E+05   
  1.96000E-04   3.03300E+05   
  2.69000E-04   4.02200E+05   
  3.15000E-04   4.66600E+05   
  3.30000E-04   4.81100E+05   
  3.12000E-04   4.25000E+05   
  2.66000E-04   3.24500E+05   
  1.95000E-04   2.00500E+05   
  1.07000E-04   8.47000E+04   
  1.40000E-05   1.09000E+04   
  -7.50000E-05   -5.17000E+04 
  -1.62000E-04   -1.34300E+05 
  -2.33000E-04   -2.25300E+05 
  -2.86000E-04   -2.98100E+05 
  -3.17000E-04   -3.39500E+05 
  -3.26000E-04   -3.45200E+05 
  -3.14000E-04   -3.07700E+05 
  -2.89000E-04   -2.51800E+05 
  -2.55000E-04   -1.88500E+05 
  -2.17000E-04   -1.24700E+05 
  -1.77000E-04   -6.49000E+04 
  -1.37000E-04   -2.00000E+04 
  -9.90000E-05   1.15000E+04  
  -6.80000E-05   3.21000E+04  
  -4.60000E-05   4.43000E+04  
  -3.80000E-05   4.28000E+04  
  -4.60000E-05   2.34000E+04  
  -6.90000E-05   -4.20000E+03 
  -1.02000E-04   -3.81000E+04 
  -1.45000E-04   -8.60000E+04 
  -1.94000E-04   -1.53400E+05 
  -2.51000E-04   -2.39600E+05 
  -3.15000E-04   -3.42100E+05 
  -3.84000E-04   -4.50200E+05 
  -4.52000E-04   -5.59400E+05 
  -5.13000E-04   -6.58800E+05 
  -5.59000E-04   -7.31800E+05 
  -5.83000E-04   -7.65700E+05 
  -5.81000E-04   -7.40800E+05 
  -5.50000E-04   -6.59400E+05 
  -4.92000E-04   -5.35100E+05 
  -4.09000E-04   -3.82400E+05 
  -3.08000E-04   -2.17500E+05 
  -1.90000E-04   -5.55000E+04 
  -6.40000E-05   4.98000E+04  
  6.70000E-05   1.53900E+05   
  2.02000E-04   3.13200E+05   
  3.31000E-04   5.06700E+05   
  4.40000E-04   6.82200E+05   
  5.14000E-04   8.03000E+05   
  5.41000E-04   8.34200E+05   
  5.09000E-04   7.39900E+05   
  4.19000E-04   5.44200E+05   
  2.74000E-04   2.85900E+05   
  8.40000E-05   5.14000E+04   
  -1.33000E-04   -1.22600E+05 
  -3.67000E-04   -4.33800E+05 
  -5.97000E-04   -8.08400E+05 
  -7.96000E-04   -1.14320E+06 
  -9.45000E-04   -1.39530E+06 
  -1.03100E-03   -1.53600E+06 
  -1.04800E-03   -1.53500E+06 
  -9.95000E-04   -1.38000E+06 
  -8.81000E-04   -1.12230E+06 
  -7.20000E-04   -8.06400E+05 
  -5.23000E-04   -4.70500E+05 
  -3.00000E-04   -1.43100E+05 
  -5.30000E-05   8.94000E+04  
  1.91000E-04   3.25900E+05   
  4.37000E-04   6.93800E+05   
  6.66000E-04   1.10060E+06   
  8.63000E-04   1.46440E+06   
  1.01300E-03   1.71590E+06   
  1.10600E-03   1.84270E+06   
  1.13800E-03   1.84100E+06   
  1.10900E-03   1.72320E+06   
  1.02300E-03   1.50080E+06   
  8.89000E-04   1.20610E+06   
  7.19000E-04   8.73200E+05   
  5.25000E-04   5.38300E+05   
  3.20000E-04   2.29400E+05   
  1.18000E-04   9.00000E+03   
  -6.90000E-05   -1.20700E+05 
  -2.28000E-04   -2.77300E+05 
  -3.51000E-04   -4.28300E+05 
  -4.26000E-04   -5.27800E+05 
  -4.54000E-04   -5.58300E+05 
  -4.38000E-04   -5.07700E+05 
  -3.91000E-04   -4.08100E+05 
  -3.23000E-04   -2.86300E+05 
  -2.41000E-04   -1.58200E+05 
  -1.48000E-04   -4.17000E+04 
  -4.90000E-05   3.19000E+04  
  5.50000E-05   1.03000E+05   
  1.69000E-04   2.15200E+05   
  2.87000E-04   3.70300E+05   
  4.02000E-04   5.40000E+05   
  5.02000E-04   6.96400E+05   
  5.78000E-04   8.16100E+05   
  6.20000E-04   8.80900E+05   
  6.25000E-04   8.69300E+05   
  5.90000E-04   7.78800E+05   
  5.22000E-04   6.35200E+05   
  4.27000E-04   4.59200E+05   
  3.10000E-04   2.71000E+05   
  1.76000E-04   9.52000E+04   
  2.80000E-05   -1.67000E+04  
  -1.34000E-04   -1.45000E+05 
  -3.10000E-04   -3.66800E+05 
  -4.89000E-04   -6.35900E+05 
  -6.56000E-04   -8.99100E+05 
  -7.97000E-04   -1.12910E+06 
  -9.01000E-04   -1.30310E+06 
  -9.62000E-04   -1.40470E+06 
  -9.80000E-04   -1.42040E+06 
  -9.54000E-04   -1.33120E+06 
  -8.83000E-04   -1.16110E+06 
  -7.68000E-04   -9.20100E+05 
  -6.12000E-04   -6.36900E+05 
  -4.26000E-04   -3.40200E+05 
  -2.16000E-04   -6.61000E+04 
  0.00000E+00   9.93000E+04   
  2.23000E-04   3.16900E+05   
  4.47000E-04   6.35600E+05   
  6.59000E-04   9.86300E+05   
  8.43000E-04   1.30590E+06   
  9.81000E-04   1.54640E+06   
  1.05700E-03   1.66980E+06   
  1.06100E-03   1.63830E+06   
  9.89000E-04   1.44080E+06   
  8.45000E-04   1.12140E+06   
  6.39000E-04   7.31500E+05   
  3.89000E-04   3.31900E+05   
  1.15000E-04   1.88000E+04   
  -1.61000E-04   -1.97300E+05 
  -4.27000E-04   -5.34300E+05 
  -6.66000E-04   -9.00200E+05 
  -8.63000E-04   -1.23450E+06 
  -1.00800E-03   -1.49300E+06 
  -1.08900E-03   -1.62920E+06 
  -1.09900E-03   -1.61110E+06 
  -1.03300E-03   -1.42840E+06 
  -8.98000E-04   -1.13160E+06 
  -7.10000E-04   -7.75200E+05 
  -4.86000E-04   -4.12600E+05 
  -2.45000E-04   -8.95000E+04 
  -7.00000E-06   9.61000E+04  
  2.16000E-04   3.05200E+05   
  4.23000E-04   5.86000E+05   
  6.03000E-04   8.65200E+05   
  7.49000E-04   1.10820E+06   
  8.57000E-04   1.29090E+06   
  9.21000E-04   1.40130E+06   
  9.42000E-04   1.42270E+06   
  9.18000E-04   1.34310E+06   
  8.50000E-04   1.17880E+06   
  7.42000E-04   9.50400E+05   
  5.98000E-04   6.85400E+05   
  4.29000E-04   4.09500E+05   
  2.41000E-04   1.49300E+05   
  4.50000E-05   -1.47000E+04  
  -1.54000E-04   -1.66500E+05 
  -3.53000E-04   -4.11000E+05 
  -5.45000E-04   -6.91300E+05 
  -7.23000E-04   -9.73700E+05 
  -8.76000E-04   -1.23240E+06 
  -9.93000E-04   -1.44110E+06 
  -1.06500E-03   -1.56930E+06 
  -1.08600E-03   -1.58860E+06 
  -1.04900E-03   -1.47270E+06 
  -9.60000E-04   -1.26230E+06 
  -8.23000E-04   -9.82400E+05 
  -6.45000E-04   -6.63300E+05 
  -4.31000E-04   -3.31000E+05 
  -1.88000E-04   -3.51000E+04 
  6.80000E-05   1.52900E+05   
  3.40000E-04   4.63000E+05   
  6.12000E-04   8.79400E+05   
  8.71000E-04   1.32850E+06   
  1.10100E-03   1.74250E+06   
  1.28500E-03   1.98220E+06   
  1.40900E-03   2.09960E+06   
  1.46300E-03   2.11390E+06   
  1.43500E-03   1.73780E+06   
  1.32500E-03   1.49950E+06   
  1.13800E-03   1.15660E+06   
  8.83000E-04   7.52200E+05   
  5.77000E-04   3.32000E+05   
  2.37000E-04   -2.46000E+04  
  -1.16000E-04   -2.74200E+05 
  -4.71000E-04   -6.81300E+05 
  -8.08000E-04   -1.18270E+06 
  -1.10400E-03   -1.67720E+06 
  -1.33700E-03   -2.00760E+06 
  -1.49400E-03   -2.15420E+06 
  -1.56900E-03   -2.20180E+06 
  -1.56800E-03   -2.08740E+06 
  -1.49300E-03   -1.83220E+06 
  -1.35300E-03   -1.53520E+06 
  -1.16300E-03   -1.19250E+06 
  -9.38000E-04   -8.32000E+05 
  -6.91000E-04   -4.83300E+05 
  -4.39000E-04   -1.67000E+05 
  -1.78000E-04   6.03000E+04  
  5.10000E-05   1.90400E+05   
  2.69000E-04   3.66300E+05   
  4.61000E-04   5.67600E+05   
  6.16000E-04   7.49300E+05   
  7.28000E-04   8.86000E+05   
  7.93000E-04   9.64200E+05   
  8.13000E-04   9.77200E+05   
  7.90000E-04   9.04800E+05   
  7.35000E-04   7.93100E+05   
  6.54000E-04   6.51100E+05   
  5.55000E-04   4.99700E+05   
  4.46000E-04   3.47400E+05   
  3.33000E-04   2.06400E+05   
  2.24000E-04   9.02000E+04   
  1.24000E-04   2.18000E+04   
  3.50000E-05   -2.07000E+04  
  -4.30000E-05   -5.86000E+04 
  -1.18000E-04   -1.04100E+05 
  -1.86000E-04   -1.57900E+05 
  -2.45000E-04   -2.14000E+05 
  -2.93000E-04   -2.63700E+05 
  -3.28000E-04   -3.00400E+05 
  -3.48000E-04   -3.20800E+05 
  -3.53000E-04   -3.18500E+05 
  -3.41000E-04   -2.84900E+05 
  -3.13000E-04   -2.30200E+05 
  -2.69000E-04   -1.57600E+05 
  -2.10000E-04   -7.68000E+04 
  -1.31000E-04   -9.60000E+03 
  -5.20000E-05   3.06000E+04  
  2.80000E-05   6.86000E+04   
  1.09000E-04   1.19800E+05   
  1.84000E-04   1.81900E+05   
  2.53000E-04   2.50300E+05   
  3.11000E-04   3.15400E+05   
  3.57000E-04   3.68200E+05   
  3.88000E-04   4.02700E+05   
  4.02000E-04   4.16000E+05   
  4.00000E-04   3.99700E+05   
  3.85000E-04   3.65200E+05   
  3.61000E-04   3.20700E+05   
  3.30000E-04   2.71300E+05   
  2.93000E-04   2.15900E+05   
  2.48000E-04   1.55900E+05   
  1.94000E-04   9.48000E+04   
  1.29000E-04   4.44000E+04   
  5.70000E-05   5.70000E+03   
  -2.00000E-05   -2.85000E+04 
  -1.02000E-04   -7.60000E+04 
  -1.88000E-04   -1.46500E+05 
  -2.66000E-04   -2.32900E+05 
  -3.34000E-04   -3.17200E+05 
  -3.86000E-04   -3.80200E+05 
  -4.18000E-04   -4.17100E+05 
  -4.34000E-04   -4.34700E+05 
  -4.40000E-04   -4.37000E+05 
  -4.33000E-04   -4.13400E+05 
  -4.13000E-04   -3.67700E+05 
  -3.74000E-04   -2.96100E+05 
  -3.14000E-04   -2.01300E+05 
  -2.36000E-04   -9.73000E+04 
  -1.31000E-04   -6.90000E+03 
  -2.20000E-05   4.40000E+04  
  1.02000E-04   1.15300E+05   
  2.39000E-04   2.39200E+05   
  3.80000E-04   4.06700E+05   
  5.16000E-04   5.82300E+05   
  6.38000E-04   7.45200E+05   
  7.40000E-04   8.86200E+05   
  8.15000E-04   9.93100E+05   
  8.61000E-04   1.05210E+06   
  8.78000E-04   1.06630E+06   
  8.64000E-04   1.01680E+06   
  8.26000E-04   9.33300E+05   
  7.70000E-04   8.25000E+05   
  7.00000E-04   7.05800E+05   
  6.20000E-04   5.81400E+05   
  5.31000E-04   4.55400E+05   
  4.36000E-04   3.28700E+05   
  3.34000E-04   2.17000E+05   
  2.37000E-04   1.01800E+05   
  1.37000E-04   2.86000E+04   
  4.80000E-05   -1.30000E+04  
  -2.70000E-05   -4.68000E+04 
  -9.20000E-05   -8.29000E+04 
  -1.41000E-04   -1.15900E+05 
  -1.72000E-04   -1.40300E+05 
  -1.84000E-04   -1.47900E+05 
  -1.73000E-04   -1.12100E+05 
  -1.41000E-04   -5.99000E+04 
  -8.60000E-05   -1.06000E+04 
  -2.20000E-05   2.38000E+04  
  4.40000E-05   5.45000E+04   
  1.08000E-04   9.22000E+04   
  1.63000E-04   1.35000E+05   
  2.09000E-04   1.76100E+05   
  2.46000E-04   2.15400E+05   
  2.79000E-04   2.51300E+05   
  3.03000E-04   2.78100E+05   
  3.15000E-04   2.89000E+05   
  3.05000E-04   2.56800E+05   
  2.70000E-04   1.95100E+05   
  2.07000E-04   1.09300E+05   
  1.15000E-04   3.29000E+04   
  -3.00000E-06   -2.36000E+04 
  -1.50000E-04   -1.30800E+05 
  -3.24000E-04   -3.24300E+05 
  -5.20000E-04   -5.79100E+05 
  -7.30000E-04   -8.61600E+05 
  -9.45000E-04   -1.16820E+06 
  -1.15300E-03   -1.47920E+06 
  -1.33900E-03   -1.76530E+06 
  -1.48600E-03   -1.99410E+06 
  -1.57800E-03   -2.11880E+06 
  -1.60200E-03   -2.11950E+06 
  -1.54800E-03   -1.96800E+06 
  -1.42400E-03   -1.69370E+06 
  -1.23900E-03   -1.34730E+06 
  -1.00600E-03   -9.68500E+05 
  -7.39000E-04   -5.84000E+05 
  -4.45000E-04   -2.14600E+05 
  -1.20000E-04   6.15000E+04  
  2.02000E-04   2.73900E+05   
  5.43000E-04   6.49800E+05   
  8.84000E-04   1.11970E+06   
  1.20600E-03   1.59010E+06   
  1.48900E-03   1.98580E+06   
  1.71100E-03   2.23860E+06   
  1.85300E-03   2.36600E+06   
  1.90400E-03   2.37390E+06   
  1.85800E-03   2.15180E+06   
  1.71000E-03   1.82650E+06   
  1.47300E-03   1.41890E+06   
  1.15300E-03   9.48400E+05   
  7.63000E-04   4.58400E+05   
  3.22000E-04   1.78000E+04   
  -1.48000E-04   -2.75700E+05 
  -6.31000E-04   -7.77300E+05 
  -1.10400E-03   -1.40770E+06 
  -1.53700E-03   -2.05120E+06 
  -1.90000E-03   -2.39420E+06 
  -2.17000E-03   -2.60320E+06 
  -2.34100E-03   -2.72580E+06 
  -2.41100E-03   -2.74650E+06 
  -2.38000E-03   -2.45210E+06 
  -2.25400E-03   -2.17410E+06 
  -2.04100E-03   -1.81680E+06 
  -1.75000E-03   -1.39650E+06 
  -1.39000E-03   -9.36800E+05 
  -9.74000E-04   -4.68300E+05 
  -5.15000E-04   -2.91000E+04 
  -4.70000E-05   2.33400E+05  
  4.33000E-04   5.88800E+05   
  9.11000E-04   1.09400E+06   
  1.36700E-03   1.65520E+06   
  1.78100E-03   2.19020E+06   
  2.13000E-03   2.57980E+06   
  2.39500E-03   2.78560E+06   
  2.56600E-03   2.89090E+06   
  2.63900E-03   2.90870E+06   
  2.61300E-03   2.56610E+06   
  2.50200E-03   2.35010E+06   
  2.32300E-03   2.06430E+06   
  2.08900E-03   1.72920E+06   
  1.81400E-03   1.37460E+06   
  1.51000E-03   1.01790E+06   
  1.19000E-03   6.73400E+05   
  8.65000E-04   3.50400E+05   
  5.48000E-04   6.51000E+04   
  2.39000E-04   -1.01200E+05  
  -4.40000E-05   -2.27000E+05 
  -3.19000E-04   -3.97200E+05 
  -5.79000E-04   -6.02000E+05 
  -8.21000E-04   -8.18900E+05 
  -1.03800E-03   -1.03130E+06 
  -1.22700E-03   -1.22470E+06 
  -1.38200E-03   -1.38930E+06 
  -1.49700E-03   -1.51550E+06 
  -1.56600E-03   -1.58610E+06 
  -1.58800E-03   -1.59170E+06 
  -1.55400E-03   -1.50790E+06 
  -1.47600E-03   -1.36540E+06 
  -1.35800E-03   -1.17980E+06 
  -1.20400E-03   -9.69200E+05 
  -1.02300E-03   -7.43700E+05 
  -8.20000E-04   -5.12900E+05 
  -6.03000E-04   -2.88700E+05 
  -3.84000E-04   -9.09000E+04 
  -1.61000E-04   2.99000E+04  
  4.10000E-05   1.01700E+05   
  2.37000E-04   2.00600E+05   
  4.22000E-04   3.34500E+05   
  5.87000E-04   4.77500E+05   
  7.29000E-04   6.07300E+05   
  8.45000E-04   7.17300E+05   
  9.38000E-04   8.05000E+05   
  1.00800E-03   8.73200E+05   
  1.05600E-03   9.17500E+05   
  1.07500E-03   9.29300E+05   
  1.05700E-03   8.76500E+05   
  1.00000E-03   7.82600E+05   
  9.05000E-04   6.50600E+05   
  7.76000E-04   4.94700E+05   
  6.20000E-04   3.23100E+05   
  4.41000E-04   1.47300E+05   
  2.42000E-04   1.56000E+04   
  3.10000E-05   -5.90000E+04  
  -2.01000E-04   -1.74200E+05 
  -4.42000E-04   -3.67900E+05 
  -6.94000E-04   -6.07900E+05 
  -9.43000E-04   -8.64400E+05 
  -1.17200E-03   -1.11680E+06 
  -1.36600E-03   -1.33970E+06 
  -1.50800E-03   -1.51090E+06 
  -1.58400E-03   -1.59640E+06 
  -1.58800E-03   -1.56650E+06 
  -1.50900E-03   -1.40920E+06 
  -1.35100E-03   -1.16330E+06 
  -1.12300E-03   -8.61000E+05 
  -8.35000E-04   -5.27800E+05 
  -4.99000E-04   -1.90800E+05 
  -1.17000E-04   4.43000E+04  
  2.71000E-04   2.26700E+05   
  6.82000E-04   5.73300E+05   
  1.08800E-03   9.92100E+05   
  1.47000E-03   1.40600E+06   
  1.80900E-03   1.78420E+06   
  2.09100E-03   2.10770E+06   
  2.30800E-03   2.35770E+06   
  2.45000E-03   2.51450E+06   
  2.50900E-03   2.56310E+06   
  2.47600E-03   2.46040E+06   
  2.34900E-03   2.22610E+06   
  2.13200E-03   1.88690E+06   
  1.83200E-03   1.48090E+06   
  1.46500E-03   1.04280E+06   
  1.04600E-03   6.00500E+05   
  5.86000E-04   1.73500E+05   
  1.03000E-04   -9.56000E+04  
  -3.84000E-04   -3.77300E+05 
  -8.83000E-04   -8.32600E+05 
  -1.37300E-03   -1.37660E+06 
  -1.84500E-03   -1.95690E+06 
  -2.27900E-03   -2.48240E+06 
  -2.66000E-03   -2.89120E+06 
  -2.96900E-03   -3.13720E+06 
  -3.19500E-03   -3.28230E+06 
  -3.33000E-03   -3.34020E+06 
  -3.37000E-03   -3.23890E+06 
  -3.31300E-03   -2.94750E+06 
  -3.16900E-03   -2.70170E+06 
  -2.94000E-03   -2.36450E+06 
  -2.63500E-03   -1.96290E+06 
  -2.26100E-03   -1.51990E+06 
  -1.82600E-03   -1.05820E+06 
  -1.33900E-03   -5.86700E+05 
  -8.08000E-04   -1.23800E+05 
  -2.62000E-04   1.66700E+05  
  2.82000E-04   4.33300E+05   
  8.13000E-04   8.38000E+05   
  1.30600E-03   1.29920E+06   
  1.74100E-03   1.74940E+06   
  2.10100E-03   2.14350E+06   
  2.37200E-03   2.44440E+06   
  2.54600E-03   2.62300E+06   
  2.62300E-03   2.68120E+06   
  2.60800E-03   2.60660E+06   
  2.50800E-03   2.41510E+06   
  2.33900E-03   2.14580E+06   
  2.11800E-03   1.83130E+06   
  1.85900E-03   1.50100E+06   
  1.57700E-03   1.17200E+06   
  1.28200E-03   8.55100E+05   
  9.79000E-04   5.57200E+05   
  6.77000E-04   2.84700E+05   
  3.77000E-04   6.18000E+04   
  8.80000E-05   -5.34000E+04  
  -2.02000E-04   -1.58400E+05 
  -4.83000E-04   -3.27400E+05 
  -7.61000E-04   -5.40700E+05 
  -1.02600E-03   -7.61900E+05 
  -1.26800E-03   -9.75800E+05 
  -1.48000E-03   -1.17230E+06 
  -1.65900E-03   -1.33940E+06 
  -1.79800E-03   -1.47080E+06 
  -1.89400E-03   -1.55950E+06 
  -1.94100E-03   -1.59680E+06 
  -1.93300E-03   -1.55840E+06 
  -1.86900E-03   -1.44740E+06 
  -1.75500E-03   -1.28550E+06 
  -1.59900E-03   -1.09270E+06 
  -1.41000E-03   -8.77900E+05 
  -1.19300E-03   -6.54300E+05 
  -9.49000E-04   -4.20300E+05 
  -6.79000E-04   -1.79700E+05 
  -3.70000E-04   1.92000E+04  
  -5.10000E-05   1.25300E+05  
  2.92000E-04   3.02100E+05   
  6.47000E-04   5.77700E+05   
  9.98000E-04   8.95600E+05   
  1.32700E-03   1.22060E+06   
  1.62000E-03   1.52390E+06   
  1.85800E-03   1.77800E+06   
  2.02500E-03   1.95890E+06   
  2.11200E-03   2.04610E+06   
  2.11100E-03   2.00560E+06   
  2.01800E-03   1.83950E+06   
  1.84400E-03   1.58260E+06   
  1.60000E-03   1.26840E+06   
  1.30300E-03   9.29200E+05   
  9.73000E-04   5.93500E+05   
  6.29000E-04   2.79600E+05   
  2.86000E-04   4.12000E+04   
  -3.40000E-05   -6.69000E+04 
  -3.41000E-04   -2.02200E+05 
  -6.20000E-04   -4.02800E+05 
  -8.78000E-04   -6.13900E+05 
  -1.11300E-03   -8.17400E+05 
  -1.32000E-03   -1.00600E+06 
  -1.49600E-03   -1.17310E+06 
  -1.63200E-03   -1.30480E+06 
  -1.72400E-03   -1.39160E+06 
  -1.76500E-03   -1.42470E+06 
  -1.75300E-03   -1.38090E+06 
  -1.68700E-03   -1.27500E+06 
  -1.57700E-03   -1.12410E+06 
  -1.42900E-03   -9.45500E+05 
  -1.25400E-03   -7.54600E+05 
  -1.05800E-03   -5.58400E+05 
  -8.46000E-04   -3.59000E+05 
  -6.22000E-04   -1.62900E+05 
  -3.76000E-04   -1.40000E+03 
  -1.32000E-04   7.62000E+04  
  1.22000E-04   1.72700E+05   
  3.85000E-04   3.36900E+05   
  6.49000E-04   5.51500E+05   
  9.05000E-04   7.80800E+05   
  1.14100E-03   1.00660E+06   
  1.34400E-03   1.20970E+06   
  1.50400E-03   1.37310E+06   
  1.61400E-03   1.48550E+06   
  1.67100E-03   1.53960E+06   
  1.67700E-03   1.52390E+06   
  1.63400E-03   1.44230E+06   
  1.54600E-03   1.30890E+06   
  1.41500E-03   1.13400E+06   
  1.24200E-03   9.27100E+05   
  1.02900E-03   6.94900E+05   
  7.77000E-04   4.46200E+05   
  4.90000E-04   1.92900E+05   
  1.74000E-04   1.13000E+04   
  -1.59000E-04   -9.66000E+04 
  -5.20000E-04   -3.11900E+05 
  -8.98000E-04   -6.26400E+05 
  -1.28700E-03   -9.82700E+05 
  -1.67700E-03   -1.37550E+06 
  -2.05200E-03   -1.76930E+06 
  -2.39300E-03   -2.12980E+06 
  -2.68200E-03   -2.43830E+06 
  -2.90500E-03   -2.67560E+06 
  -3.05100E-03   -2.82440E+06 
  -3.11400E-03   -2.87300E+06 
  -3.08900E-03   -2.78990E+06 
  -2.97900E-03   -2.59090E+06 
  -2.79100E-03   -2.30580E+06 
  -2.53900E-03   -1.96740E+06 
  -2.23300E-03   -1.59680E+06 
  -1.88500E-03   -1.22090E+06 
  -1.50600E-03   -8.45100E+05 
  -1.10400E-03   -4.77200E+05 
  -6.85000E-04   -1.27200E+05 
  -2.59000E-04   8.39000E+04  
  1.60000E-04   2.57500E+05   
  5.88000E-04   5.48700E+05   
  1.01400E-03   9.22100E+05   
  1.43500E-03   1.34170E+06   
  1.84400E-03   1.78880E+06   
  2.22900E-03   2.23480E+06   
  2.58000E-03   2.64010E+06   
  2.87700E-03   2.94810E+06   
  3.10300E-03   3.13090E+06   
  3.24200E-03   3.20060E+06   
  3.28400E-03   3.16980E+06   
  3.22000E-03   2.83060E+06   
  3.05300E-03   2.55680E+06   
  2.79000E-03   2.19000E+06   
  2.44100E-03   1.75910E+06   
  2.01400E-03   1.28970E+06   
  1.52000E-03   8.04200E+05   
  9.64000E-04   3.20400E+05   
  3.64000E-04   -4.81000E+04  
  -2.56000E-04   -2.88600E+05 
  -8.94000E-04   -7.28500E+05 
  -1.52100E-03   -1.27260E+06 
  -2.10900E-03   -1.84170E+06 
  -2.63400E-03   -2.39230E+06 
  -3.07200E-03   -2.86870E+06 
  -3.40400E-03   -3.20490E+06 
  -3.61800E-03   -3.38830E+06 
  -3.70900E-03   -3.43440E+06 
  -3.68000E-03   -3.30410E+06 
  -3.52800E-03   -3.01510E+06 
  -3.27700E-03   -2.64920E+06 
  -2.94500E-03   -2.22200E+06 
  -2.55600E-03   -1.77410E+06 
  -2.13000E-03   -1.32730E+06 
  -1.68200E-03   -9.01300E+05 
  -1.21800E-03   -4.92500E+05 
  -7.47000E-04   -1.19300E+05 
  -2.78000E-04   9.89000E+04  
  1.82000E-04   2.70700E+05   
  6.32000E-04   5.43300E+05   
  1.05800E-03   8.75300E+05   
  1.44500E-03   1.21240E+06   
  1.77900E-03   1.52130E+06   
  2.05200E-03   1.78280E+06   
  2.25800E-03   1.98410E+06   
  2.39500E-03   2.11610E+06   
  2.46300E-03   2.17390E+06   
  2.46300E-03   2.13940E+06   
  2.39100E-03   2.00990E+06   
  2.24900E-03   1.80210E+06   
  2.03900E-03   1.53410E+06   
  1.76900E-03   1.22730E+06   
  1.45200E-03   9.01700E+05   
  1.10400E-03   5.77700E+05   
  7.37000E-04   2.69800E+05   
  3.63000E-04   3.19000E+04   
  -6.00000E-06   -8.23000E+04 
  -3.77000E-04   -2.41200E+05 
  -7.47000E-04   -4.98600E+05 
  -1.11000E-03   -7.88500E+05 
  -1.45500E-03   -1.08720E+06 
  -1.77300E-03   -1.37280E+06 
  -2.05000E-03   -1.63060E+06 
  -2.27600E-03   -1.84840E+06 
  -2.44200E-03   -2.00890E+06 
  -2.54100E-03   -2.10010E+06 
  -2.57200E-03   -2.11260E+06 
  -2.52700E-03   -2.02180E+06 
  -2.41600E-03   -1.85500E+06 
  -2.24000E-03   -1.62400E+06 
  -2.00500E-03   -1.35170E+06 
  -1.72000E-03   -1.05490E+06 
  -1.39200E-03   -7.40500E+05 
  -1.03200E-03   -4.22100E+05 
  -6.50000E-04   -1.18000E+05 
  -2.53000E-04   5.93000E+04  
  1.28000E-04   1.85100E+05   
  5.06000E-04   4.01100E+05   
  8.70000E-04   6.79100E+05   
  1.21400E-03   9.73400E+05   
  1.53600E-03   1.26810E+06   
  1.83300E-03   1.55170E+06   
  2.09700E-03   1.81650E+06   
  2.32200E-03   2.04990E+06   
  2.49600E-03   2.23170E+06   
  2.61100E-03   2.34710E+06   
  2.66200E-03   2.38830E+06   
  2.64500E-03   2.32780E+06   
  2.55900E-03   2.18020E+06   
  2.40700E-03   1.95930E+06   
  2.19200E-03   1.68350E+06   
  1.92400E-03   1.37400E+06   
  1.61500E-03   1.05080E+06   
  1.28000E-03   7.30800E+05   
  9.29000E-04   4.24800E+05   
  5.71000E-04   1.48300E+05   
  2.16000E-04   -1.91000E+04  
  -1.33000E-04   -1.19200E+05 
  -4.72000E-04   -2.96000E+05 
  -8.03000E-04   -5.34000E+05 
  -1.11300E-03   -7.81200E+05 
  -1.39400E-03   -1.02010E+06 
  -1.64000E-03   -1.23740E+06 
  -1.84000E-03   -1.41770E+06 
  -1.98800E-03   -1.55260E+06 
  -2.07600E-03   -1.63110E+06 
  -2.10200E-03   -1.63980E+06 
  -2.06000E-03   -1.55900E+06 
  -1.95700E-03   -1.41490E+06 
  -1.79600E-03   -1.22140E+06 
  -1.58900E-03   -9.96600E+05 
  -1.34300E-03   -7.51800E+05 
  -1.07200E-03   -5.03800E+05 
  -7.84000E-04   -2.60500E+05 
  -4.91000E-04   -5.05000E+04 
  -2.12000E-04   5.18000E+04  
  4.60000E-05   1.21700E+05   
  2.80000E-04   2.22600E+05   
  4.86000E-04   3.51300E+05   
  6.64000E-04   4.81700E+05   
  8.15000E-04   5.99000E+05   
  9.42000E-04   7.01000E+05   
  1.04300E-03   7.84400E+05   
  1.11600E-03   8.44700E+05   
  1.15800E-03   8.77000E+05   
  1.16500E-03   8.68500E+05   
  1.13300E-03   8.12500E+05   
  1.06500E-03   7.23100E+05   
  9.64000E-04   6.07000E+05   
  8.36000E-04   4.76000E+05   
  6.88000E-04   3.38300E+05   
  5.27000E-04   2.01500E+05   
  3.61000E-04   8.54000E+04   
  1.99000E-04   1.63000E+04   
  4.80000E-05   -2.48000E+04  
  -8.60000E-05   -5.76000E+04 
  -1.99000E-04   -9.18000E+04 
  -2.85000E-04   -1.26300E+05 
  -3.42000E-04   -1.52900E+05 
  -3.67000E-04   -1.63400E+05 
  -3.63000E-04   -1.43200E+05 
  -3.37000E-04   -1.01800E+05 
  -2.90000E-04   -5.29000E+04 
  -2.43000E-04   -1.96000E+04 
  -1.97000E-04   2.40000E+03  
  -1.62000E-04   1.46000E+04  
  -1.46000E-04   1.82000E+04  
  -1.48000E-04   2.90000E+03  
  -1.74000E-04   -2.89000E+04 
  -2.16000E-04   -6.11000E+04 
  -2.74000E-04   -9.99000E+04 
  -3.43000E-04   -1.50400E+05 
  -4.17000E-04   -2.04000E+05 
  -4.89000E-04   -2.53200E+05 
  -5.53000E-04   -2.98400E+05 
  -6.01000E-04   -3.31900E+05 
  -6.28000E-04   -3.49500E+05 
  -6.32000E-04   -3.39500E+05 
  -6.04000E-04   -2.92700E+05 
  -5.48000E-04   -2.19100E+05 
  -4.58000E-04   -1.25200E+05 
  -3.27000E-04   -2.88000E+04 
  -1.69000E-04   3.25000E+04  
  2.20000E-05   8.38000E+04   
  2.42000E-04   1.75400E+05   
  4.86000E-04   3.34400E+05   
  7.39000E-04   5.35100E+05   
  9.87000E-04   7.47300E+05   
  1.21900E-03   9.59800E+05   
  1.42800E-03   1.15220E+06   
  1.60900E-03   1.32180E+06   
  1.75800E-03   1.46320E+06   
  1.87100E-03   1.57100E+06   
  1.94100E-03   1.63410E+06   
  1.96200E-03   1.63970E+06   
  1.92400E-03   1.56490E+06   
  1.83200E-03   1.43110E+06   
  1.68900E-03   1.25050E+06   
  1.50600E-03   1.04450E+06   
  1.29600E-03   8.28400E+05   
  1.07200E-03   6.17700E+05   
  8.44000E-04   4.17500E+05   
  6.17000E-04   2.33500E+05   
  3.92000E-04   8.04000E+04   
  1.71000E-04   -4.20000E+03  
  -4.90000E-05   -6.10000E+04 
  -2.88000E-04   -1.52900E+05 
  -5.38000E-04   -3.16100E+05 
  -8.03000E-04   -5.20900E+05 
  -1.07000E-03   -7.37400E+05 
  -1.32600E-03   -9.55900E+05 
  -1.55500E-03   -1.16240E+06 
  -1.74800E-03   -1.33830E+06 
  -1.89600E-03   -1.47570E+06 
  -1.99500E-03   -1.56760E+06 
  -2.04400E-03   -1.60900E+06 
  -2.04400E-03   -1.58410E+06 
  -1.99300E-03   -1.49970E+06 
  -1.89700E-03   -1.37040E+06 
  -1.76100E-03   -1.20720E+06 
  -1.59000E-03   -1.01980E+06 
  -1.39000E-03   -8.16000E+05 
  -1.16700E-03   -6.06600E+05 
  -9.28000E-04   -3.96300E+05 
  -6.80000E-04   -1.94500E+05 
  -4.28000E-04   -2.76000E+04 
  -1.88000E-04   5.08000E+04  
  4.30000E-05   1.11400E+05   
  2.64000E-04   2.05800E+05   
  4.76000E-04   3.38400E+05   
  6.74000E-04   4.86200E+05   
  8.56000E-04   6.31300E+05   
  1.01700E-03   7.65600E+05   
  1.14800E-03   8.78000E+05   
  1.24100E-03   9.58100E+05   
  1.28600E-03   9.93200E+05   
  1.28100E-03   9.65900E+05   
  1.22400E-03   8.79500E+05   
  1.12200E-03   7.56100E+05   
  9.83000E-04   6.08200E+05   
  8.15000E-04   4.46100E+05   
  6.23000E-04   2.77200E+05   
  4.10000E-04   1.15600E+05   
  1.81000E-04   1.09000E+04   
  -5.60000E-05   -4.90000E+04 
  -3.08000E-04   -1.43600E+05 
  -5.63000E-04   -3.11100E+05 
  -8.16000E-04   -5.06000E+05 
  -1.05000E-03   -6.97600E+05 
  -1.25700E-03   -8.72800E+05 
  -1.42600E-03   -1.02130E+06 
  -1.55200E-03   -1.13490E+06 
  -1.63200E-03   -1.20580E+06 
  -1.66500E-03   -1.22810E+06 
  -1.64700E-03   -1.18460E+06 
  -1.58000E-03   -1.08750E+06 
  -1.46500E-03   -9.47400E+05 
  -1.30300E-03   -7.73700E+05 
  -1.10100E-03   -5.76000E+05 
  -8.66000E-04   -3.64600E+05 
  -6.10000E-04   -1.54200E+05 
  -3.34000E-04   4.80000E+03  
  -7.00000E-05   7.24000E+04  
  1.87000E-04   1.60500E+05   
  4.31000E-04   3.01400E+05   
  6.54000E-04   4.66100E+05   
  8.49000E-04   6.22700E+05   
  1.01400E-03   7.62700E+05   
  1.14900E-03   8.80000E+05   
  1.24900E-03   9.71000E+05   
  1.31200E-03   1.02630E+06   
  1.33600E-03   1.04180E+06   
  1.31800E-03   9.97900E+05   
  1.26800E-03   9.25300E+05   
  1.19100E-03   8.30100E+05   
  1.09700E-03   7.25100E+05   
  9.90000E-04   6.15200E+05   
  8.73000E-04   5.02700E+05   
  7.46000E-04   3.87300E+05   
  6.10000E-04   2.71000E+05   
  4.65000E-04   1.56200E+05   
  3.07000E-04   6.00000E+04   
  1.35000E-04   -1.00000E+02  
  -5.00000E-05   -4.50000E+04 
  -2.57000E-04   -1.15000E+05 
  -4.76000E-04   -2.43700E+05 
  -7.01000E-04   -4.12500E+05 
  -9.20000E-04   -5.87200E+05 
  -1.12400E-03   -7.57700E+05 
  -1.30800E-03   -9.17000E+05 
  -1.46700E-03   -1.06070E+06 
  -1.60000E-03   -1.18480E+06 
  -1.70300E-03   -1.28330E+06 
  -1.77400E-03   -1.34750E+06 
  -1.80700E-03   -1.37320E+06 
  -1.79900E-03   -1.34280E+06 
  -1.74100E-03   -1.25400E+06 
  -1.63500E-03   -1.11560E+06 
  -1.47900E-03   -9.39100E+05 
  -1.27700E-03   -7.33200E+05 
  -1.03600E-03   -5.07400E+05 
  -7.63000E-04   -2.71600E+05 
  -4.63000E-04   -5.30000E+04 
  -1.52000E-04   5.43000E+04  
  1.65000E-04   1.54400E+05   
  4.90000E-04   3.47600E+05   
  8.14000E-04   6.01300E+05   
  1.12800E-03   8.75500E+05   
  1.42300E-03   1.15540E+06   
  1.69000E-03   1.41360E+06   
  1.92000E-03   1.64330E+06   
  2.10600E-03   1.83130E+06   
  2.24500E-03   1.97210E+06   
  2.33300E-03   2.05890E+06   
  2.36900E-03   2.08390E+06   
  2.34900E-03   2.02540E+06   
  2.27100E-03   1.89810E+06   
  2.13500E-03   1.70690E+06   
  1.94200E-03   1.46580E+06   
  1.69200E-03   1.18630E+06   
  1.39300E-03   8.81400E+05   
  1.04800E-03   5.64900E+05   
  6.63000E-04   2.47900E+05   
  2.51000E-04   1.06000E+04   
  -1.75000E-04   -1.15600E+05 
  -6.17000E-04   -3.78000E+05 
  -1.06600E-03   -7.34400E+05 
  -1.50900E-03   -1.12750E+06 
  -1.93700E-03   -1.54330E+06 
  -2.33600E-03   -1.94730E+06 
  -2.69700E-03   -2.32330E+06 
  -3.00700E-03   -2.64650E+06 
  -3.25300E-03   -2.90370E+06 
  -3.42600E-03   -3.07820E+06 
  -3.51300E-03   -3.15270E+06 
  -3.50600E-03   -3.09530E+06 
  -3.39500E-03   -2.89310E+06 
  -3.18000E-03   -2.57150E+06 
  -2.86300E-03   -2.16120E+06 
  -2.45700E-03   -1.69260E+06 
  -1.97300E-03   -1.20050E+06 
  -1.42800E-03   -7.01700E+05 
  -8.41000E-04   -2.17600E+05 
  -2.10000E-04   9.14000E+04  
  4.07000E-04   3.63600E+05   
  1.03700E-03   8.36600E+05   
  1.64700E-03   1.39490E+06   
  2.21700E-03   1.97780E+06   
  2.72600E-03   2.53060E+06   
  3.15400E-03   2.97990E+06   
  3.48600E-03   3.29250E+06   
  3.71800E-03   3.46930E+06   
  3.83600E-03   3.52260E+06   
  3.84800E-03   3.35950E+06   
  3.74600E-03   3.09940E+06   
  3.55000E-03   2.80470E+06   
  3.26000E-03   2.42420E+06   
  2.88800E-03   1.98790E+06   
  2.44400E-03   1.52080E+06   
  1.94300E-03   1.04600E+06   
  1.40200E-03   5.80100E+05   
  8.18000E-04   1.43400E+05   
  2.27000E-04   -1.01100E+05  
  -3.56000E-04   -3.33200E+05 
  -9.38000E-04   -7.24800E+05 
  -1.49400E-03   -1.17670E+06 
  -2.00700E-03   -1.63650E+06 
  -2.46100E-03   -2.07080E+06 
  -2.84600E-03   -2.45650E+06 
  -3.15000E-03   -2.77030E+06 
  -3.36600E-03   -2.99190E+06 
  -3.48600E-03   -3.10470E+06 
  -3.51200E-03   -3.09540E+06 
  -3.43600E-03   -2.94480E+06 
  -3.27300E-03   -2.69140E+06 
  -3.03000E-03   -2.36130E+06 
  -2.71700E-03   -1.98200E+06 
  -2.35000E-03   -1.57790E+06 
  -1.94100E-03   -1.17310E+06 
  -1.50100E-03   -7.71800E+05 
  -1.04100E-03   -3.90000E+05 
  -5.73000E-04   -6.07000E+04 
  -1.14000E-04   9.74000E+04  
  3.33000E-04   2.65500E+05   
  7.66000E-04   5.39100E+05   
  1.17000E-03   8.49300E+05   
  1.53200E-03   1.15160E+06   
  1.84400E-03   1.42410E+06   
  2.10100E-03   1.65390E+06   
  2.29500E-03   1.82990E+06   
  2.42200E-03   1.94320E+06   
  2.48000E-03   1.98610E+06   
  2.46500E-03   1.93410E+06   
  2.37900E-03   1.80060E+06   
  2.22900E-03   1.60460E+06   
  2.02200E-03   1.36560E+06   
  1.76500E-03   1.09870E+06   
  1.46800E-03   8.17300E+05   
  1.14000E-03   5.33000E+05   
  7.89000E-04   2.56200E+05   
  4.25000E-04   3.50000E+04   
  6.20000E-05   -6.63000E+04  
  -2.96000E-04   -1.95400E+05 
  -6.46000E-04   -4.14700E+05 
  -9.78000E-04   -6.62800E+05 
  -1.28200E-03   -9.08600E+05 
  -1.54800E-03   -1.13620E+06 
  -1.77000E-03   -1.33310E+06 
  -1.94100E-03   -1.48560E+06 
  -2.05500E-03   -1.58500E+06 
  -2.10700E-03   -1.62190E+06 
  -2.09700E-03   -1.56970E+06 
  -2.02900E-03   -1.46860E+06 
  -1.91000E-03   -1.31730E+06 
  -1.74300E-03   -1.12830E+06 
  -1.53700E-03   -9.16900E+05 
  -1.29900E-03   -6.92100E+05 
  -1.03600E-03   -4.62500E+05 
  -7.57000E-04   -2.36800E+05 
  -4.66000E-04   -4.30000E+04 
  -1.75000E-04   5.11000E+04  
  1.11000E-04   1.24900E+05   
  3.93000E-04   2.52000E+05   
  6.68000E-04   4.32200E+05   
  9.28000E-04   6.26300E+05   
  1.16500E-03   8.15300E+05   
  1.37300E-03   9.89200E+05   
  1.54700E-03   1.13710E+06   
  1.68000E-03   1.25160E+06   
  1.76900E-03   1.32730E+06   
  1.81100E-03   1.35850E+06   
  1.80600E-03   1.32850E+06   
  1.75200E-03   1.24620E+06   
  1.65500E-03   1.12300E+06   
  1.51800E-03   9.69600E+05   
  1.34600E-03   7.95900E+05   
  1.14600E-03   6.10900E+05   
  9.25000E-04   4.20300E+05   
  6.88000E-04   2.33000E+05   
  4.43000E-04   7.23000E+04   
  1.94000E-04   -1.42000E+04  
  -5.00000E-05   -7.18000E+04 
  -2.95000E-04   -1.61000E+05 
  -5.33000E-04   -3.04900E+05 
  -7.60000E-04   -4.68800E+05 
  -9.72000E-04   -6.31600E+05 
  -1.16100E-03   -7.83500E+05 
  -1.32200E-03   -9.17300E+05 
  -1.45100E-03   -1.02660E+06 
  -1.54300E-03   -1.10500E+06 
  -1.59700E-03   -1.14780E+06 
  -1.61100E-03   -1.14650E+06 
  -1.58200E-03   -1.09600E+06 
  -1.51600E-03   -1.00660E+06 
  -1.41300E-03   -8.86700E+05 
  -1.27900E-03   -7.46200E+05 
  -1.11900E-03   -5.91800E+05 
  -9.38000E-04   -4.28700E+05 
  -7.42000E-04   -2.63900E+05 
  -5.38000E-04   -1.09000E+05 
  -3.21000E-04   2.20000E+03  
  -1.14000E-04   5.32000E+04  
  9.20000E-05   1.03000E+05   
  2.96000E-04   1.81700E+05   
  4.94000E-04   2.97200E+05   
  6.81000E-04   4.27400E+05   
  8.53000E-04   5.56100E+05   
  1.00600E-03   6.74700E+05   
  1.13500E-03   7.77400E+05   
  1.23600E-03   8.59500E+05   
  1.30700E-03   9.16800E+05   
  1.34500E-03   9.45800E+05   
  1.35100E-03   9.36000E+05   
  1.32200E-03   8.87100E+05   
  1.26200E-03   8.10000E+05   
  1.17400E-03   7.10400E+05   
  1.06000E-03   5.95300E+05   
  9.25000E-04   4.69400E+05   
  7.74000E-04   3.38100E+05   
  6.10000E-04   2.07200E+05   
  4.39000E-04   9.06000E+04   
  2.64000E-04   1.48000E+04   
  9.00000E-05   -2.78000E+04  
  -8.20000E-05   -6.73000E+04 
  -2.53000E-04   -1.25800E+05 
  -4.19000E-04   -2.16000E+05 
  -5.79000E-04   -3.24000E+05 
  -7.27000E-04   -4.32200E+05 
  -8.59000E-04   -5.33200E+05 
  -9.73000E-04   -6.21700E+05 
  -1.06400E-03   -6.94100E+05 
  -1.13100E-03   -7.47400E+05 
  -1.17200E-03   -7.78100E+05 
  -1.18600E-03   -7.82500E+05 
  -1.17000E-03   -7.49600E+05 
  -1.12900E-03   -6.93800E+05 
  -1.06400E-03   -6.15400E+05 
  -9.76000E-04   -5.22100E+05 
  -8.70000E-04   -4.18800E+05 
  -7.49000E-04   -3.08600E+05 
  -6.17000E-04   -1.96900E+05 
  -4.80000E-04   -9.26000E+04 
  -3.32000E-04   -1.25000E+04 
  -1.91000E-04   2.94000E+04  
  -4.90000E-05   5.90000E+04  
  8.80000E-05   9.21000E+04   
  2.24000E-04   1.38500E+05   
  3.56000E-04   2.02100E+05   
  4.81000E-04   2.79400E+05   
  5.95000E-04   3.57900E+05   
  6.97000E-04   4.31000E+05   
  7.84000E-04   4.95700E+05   
  8.53000E-04   5.46800E+05   
  9.02000E-04   5.84000E+05   
  9.31000E-04   6.04700E+05   
  9.40000E-04   6.01400E+05   
  9.26000E-04   5.74800E+05   
  8.92000E-04   5.28400E+05   
  8.39000E-04   4.67100E+05   
  7.70000E-04   3.94200E+05   
  6.86000E-04   3.14000E+05   
  5.92000E-04   2.31600E+05   
  4.89000E-04   1.50500E+05   
  3.81000E-04   7.89000E+04   
  2.70000E-04   2.82000E+04   
  1.58000E-04   -4.40000E+03  
  4.50000E-05   -2.95000E+04  
  -6.20000E-05   -5.36000E+04 
  -1.73000E-04   -8.34000E+04 
  -2.78000E-04   -1.26000E+05 
  -3.79000E-04   -1.80200E+05 
  -4.74000E-04   -2.41400E+05 
  -5.60000E-04   -3.02200E+05 
  -6.36000E-04   -3.57200E+05 
  -6.99000E-04   -4.03800E+05 
  -7.48000E-04   -4.39200E+05 
  -7.82000E-04   -4.64300E+05 
  -7.99000E-04   -4.74400E+05 
  -7.99000E-04   -4.62600E+05 
  -7.83000E-04   -4.35600E+05 
  -7.51000E-04   -3.92800E+05 
  -7.05000E-04   -3.39200E+05 
  -6.48000E-04   -2.77800E+05 
  -5.80000E-04   -2.12400E+05 
  -5.05000E-04   -1.46200E+05 
  -4.26000E-04   -8.40000E+04 
  -3.39000E-04   -3.14000E+04 
  -2.57000E-04   3.00000E+03  
  -1.72000E-04   2.66000E+04  
  -8.80000E-05   4.42000E+04  
  -7.00000E-06   6.12000E+04  
  7.10000E-05   7.97000E+04   
  1.49000E-04   1.02300E+05   
  2.21000E-04   1.28600E+05   
  2.90000E-04   1.58800E+05   
  3.53000E-04   1.92600E+05   
  4.10000E-04   2.26200E+05   
  4.58000E-04   2.57500E+05   
  4.97000E-04   2.82700E+05   
  5.26000E-04   3.02300E+05   
  5.45000E-04   3.13800E+05   
  5.52000E-04   3.17200E+05   
  5.48000E-04   3.00700E+05   
  5.34000E-04   2.77400E+05   
  5.09000E-04   2.45100E+05   
  4.76000E-04   2.06800E+05   
  4.36000E-04   1.65500E+05   
  3.89000E-04   1.24500E+05   
  3.38000E-04   8.73000E+04   
  2.84000E-04   5.50000E+04   
  2.28000E-04   3.11000E+04   
  1.71000E-04   1.09000E+04   
  1.14000E-04   -4.80000E+03  
  5.70000E-05   -1.88000E+04  
  0.00000E+00   -3.06000E+04  
  -5.20000E-05   -4.27000E+04 
  -1.09000E-04   -5.65000E+04 
  -1.59000E-04   -7.10000E+04 
  -2.08000E-04   -8.75000E+04 
  -2.55000E-04   -1.06300E+05 
  -2.98000E-04   -1.26400E+05 
  -3.35000E-04   -1.46300E+05 
  -3.68000E-04   -1.65200E+05 
  -3.95000E-04   -1.81400E+05 
  -4.16000E-04   -1.94000E+05 
  -4.30000E-04   -2.02200E+05 
  -4.36000E-04   -2.05500E+05 
  -4.36000E-04   -1.92900E+05 
  -4.29000E-04   -1.83000E+05 
  -4.14000E-04   -1.57400E+05 
  -3.95000E-04   -1.32600E+05 
  -3.71000E-04   -1.06000E+05 
  -3.42000E-04   -7.87000E+04 
  -3.11000E-04   -5.30000E+04 
  -2.79000E-04   -3.21000E+04 
  -2.44000E-04   -1.43000E+04 
  -2.10000E-04   3.00000E+02  
  -1.75000E-04   1.19000E+04  
  -1.41000E-04   2.20000E+04  
  -1.08000E-04   3.01000E+04  
  -7.60000E-05   3.73000E+04  
  -4.50000E-05   4.42000E+04  
  0.00000E+00   0.00000E+00   
#FIN_TABLE
